Digit 0
111111111111
111111111111
111101101101
111101111101
111101111101
111101111101
111101101101
111111111111

Digit 1
111111111111
111111111111
111111101111
111101101111
111111101111
111111101111
111101101101
111111111111

Digit 2
111111111111
111111111111
111101101101
111111111101
111101101101
111101111111
111101101101
111111111111

Digit 3
111111111111
111111111111
111101101101
111111111101
111101101101
111111111101
111101101101
111111111111

Digit 4
111111111111
111111111111
111101111101
111101111101
111101101101
111111111101
111111111101
111111111111

Digit 5
111111111111
111111111111
111101101101
111101111111
111101101101
111111111101
111101101101
111111111111

Digit 6
111111111111
111111111111
111101101101
111101111111
111101101101
111101111101
111101101101
111111111111

Digit 7
111111111111
111111111111
111101101101
111111111101
111111111101
111111111101
111111111101
111111111111

Digit 8
111111111111
111111111111
111101101101
111101111101
111101101101
111101111101
111101101101
111111111111

Digit 9
111111111111
111111111111
111101101101
111101111101
111101101101
111111111101
111101101101
111111111111